var C75AQPida = [

    [-16.3848 ,-71.57022], 
    [-16.38418,-71.56922], 
    [-16.3797242,-71.5688614], 
    [-16.3750922,-71.5692622], 
    [-16.375226,-71.5678567], 
    [-16.3747937,-71.5642304],
    [-16.37407,-71.5604],
    [-16.37914,-71.55921],
    [-16.37893,-71.55815],
    [-16.38 ,-71.55777],
    [-16.37976,-71.55689], 
    [-16.383,-71.55647],
    [-16.38519,-71.55502],
    [-16.38785,-71.55265], 
    [-16.3889,-71.54991],
    [-16.38935,-71.54871],
    [-16.39042,-71.54807],
    [-16.39119,-71.54841],
    [-16.39301,-71.54922],
    [-16.39622,-71.5479],
    [-16.39703,-71.5475],
    [-16.39799,-71.54576],
    [-16.39911,-71.5462],
    [-16.40125,-71.54683],
    [-16.40352,-71.54766],
    [-16.40424,-71.54631],
    [-16.40352,-71.54502],
    [-16.40434,-71.54297],
    [-16.40478,-71.54261],
    [-16.40576,-71.54222],
    [-16.40778,-71.54231],
    [-16.40871,-71.5411],
    [-16.40687,-71.53945],
    [-16.40894,-71.53746],
    [-16.40684,-71.53477],
    [-16.40484,-71.53229],
    [-16.40254,-71.52944],
    [-16.39993,-71.52626],
    [-16.39809,-71.52394],
    [-16.39943,-71.52171],
    [-16.40173,-71.51832],
    [-16.40302,-71.5165],
    [-16.40549,-71.51549],
    [-16.40777,-71.51454],
    [-16.41049,-71.51338],
    [-16.41349,-71.51194],
    [-16.41863,-71.50955],
    [-16.42201,-71.50768],
    [-16.42582,-71.5047],
    [-16.42804,-71.5027],
    [-16.42439,-71.50052],
    [-16.42619,-71.49741],
    [-16.42598,-71.49677],
    [-16.42648,-71.49664],
    [-16.42653,-71.49687],
    [-16.42794,-71.49653],
    [-16.4282,-71.49786],
    [-16.42877,-71.49772],
    [-16.42847,-71.49642],
    [-16.42794,-71.49653],
    [-16.42721,-71.49318],
    [-16.42583,-71.49277]
];

var C75AQPvuelta = [
    [-16.42577,-71.4927],
    [-16.42547,-71.49224],
    [-16.42658,-71.49162],
    [-16.42733,-71.49253],
    [-16.42751,-71.49304],
    [-16.42719,-71.49318],
    [-16.42792,-71.49651],
    [-16.42658,-71.49685],
    [-16.42648,-71.49664],
    [-16.42598,-71.49677],
    [-16.42601,-71.49775],
    [-16.42431,-71.49673],
    [-16.42379,-71.49752],
    [-16.42544,-71.49863],
    [-16.42435,-71.50051],
    [-16.42784,-71.50269],
    [-16.42225,-71.50749],
    [-16.41669,-71.51049],

    [-16.40553,-71.51536],
    [-16.4046,-71.51395],
    [-16.40312,-71.51592],
    [-16.40165,-71.51816],
    [-16.39727,-71.52507],
    [-16.39822,-71.52672],
    [-16.3965,-71.52821],
    [-16.39539,-71.53115],
    [-16.39335,-71.53728],
    [-16.39191,-71.5412],
    [-16.39009,-71.5462],
    [-16.38789,-71.55246],
    [-16.38334,-71.55623],
    [-16.37974,-71.5568],
    [-16.38002,-71.55892],
    [-16.37414,-71.56039],
    [-16.37506,-71.57018],
    [-16.37789,-71.57031],
    [-16.37947,-71.57189],
    [-16.37898,-71.57302],
    [-16.38286,-71.5755],
    [-16.38381,-71.5747],
    [-16.38354,-71.57424],
    [-16.38604,-71.5729],
    [-16.38481,-71.57028]
];
var cotumBIDA = [
    //Cotum_B_IDA
[-16.3868236,-71.5749321],
[-16.3871379,-71.5750635],
[-16.3878764,-71.5751896],
[-16.38853,-71.5750394],
[-16.3896367,-71.5749111],
[-16.3928994,-71.5746075],
[-16.3939643,-71.5745297],
[-16.3940826,-71.5755356],
[-16.3942171,-71.5755867],
[-16.3983206,-71.5749966],
[-16.4001696,-71.5739554],
[-16.4011319,-71.5734082],
[-16.4020248,-71.5735021],
[-16.4020994,-71.573427],
[-16.4021141,-71.5727812],
[-16.4043207,-71.5732023],
[-16.4047684,-71.5731622],
[-16.4044227,-71.5683412],
[-16.4042709,-71.5682527],
[-16.404029,-71.5682419],
[-16.4031336,-71.5683707],
[-16.4030564,-71.5684619],
[-16.4030898,-71.5691757],
[-16.4030049,-71.5692455],
[-16.4007021,-71.5691884],
[-16.4006146,-71.5692528],
[-16.4005638,-71.5705157],
[-16.400466,-71.5705774],
[-16.39946,-71.5706091],
[-16.3992876,-71.5707754],
[-16.3972153,-71.5693533],
[-16.3949678,-71.5693013],
[-16.3946796,-71.5693094],
[-16.3946075,-71.5688802],
[-16.3943142,-71.5685128],
[-16.3938485,-71.5683491],
[-16.3909055,-71.5673808],
[-16.3918061,-71.5662516],
[-16.3925973,-71.566139],
[-16.3922327,-71.5629418],
[-16.3923099,-71.5627594],
[-16.3926831,-71.562738],
[-16.3929533,-71.5627621],
[-16.3928761,-71.5620996],
[-16.3927139,-71.5615792],
[-16.3925108,-71.5606624],
[-16.3925829,-71.5604774],
[-16.3935607,-71.5596781],
[-16.3935478,-71.5594313],
[-16.3925433,-71.5560967],
[-16.3920647,-71.5545195],
[-16.3915274,-71.5539238],
[-16.391265,-71.5540096],
[-16.3909698,-71.5543844],
[-16.3909107,-71.5546043],
[-16.3911731,-71.555122],
[-16.3905607,-71.5554626],
[-16.38729,-71.554698],
[-16.3865669,-71.5538504],
[-16.3870404,-71.5533952],
[-16.3876796,-71.5528352],
[-16.3880862,-71.5520064],
[-16.3884303,-71.5512269],
[-16.3893554,-71.5486701],
[-16.3904585,-71.5480762],
[-16.3919809,-71.548761],
[-16.3930115,-71.5491847],
[-16.3935043,-71.5492039],
[-16.3944692,-71.5487855],
[-16.3952889,-71.5483908],
[-16.3946971,-71.5476344],
[-16.3940138,-71.546937],
[-16.3941916,-71.5462767],
[-16.3944679,-71.5463516],
[-16.39454,-71.5463006],
[-16.3951507,-71.5446135],
[-16.3980902,-71.5457731],
[-16.3996151,-71.5463806],
[-16.4001083,-71.5464224],
[-16.4012508,-71.5467979],
[-16.4036844,-71.547714],
[-16.4037989,-71.5476443],
[-16.4042183,-71.5463461],
[-16.4043109,-71.5460591],
[-16.4042132,-71.5456862],
[-16.4036034,-71.5452169],
[-16.4035828,-71.5447099],
[-16.4039739,-71.5438892],
[-16.4043779,-71.542953],
[-16.4046,-71.5429614],
[-16.4047492,-71.5428219],
[-16.4047621,-71.5425966],
[-16.4065336,-71.5419214],
[-16.4067276,-71.5418824],
[-16.407165,-71.5420836],
[-16.4077813,-71.5423166],
[-16.4079369,-71.5422794],
[-16.4081479,-71.5420031],
[-16.4087679,-71.5411529],
[-16.4079857,-71.540439],
[-16.4068485,-71.5394252],
[-16.4079007,-71.5384114],
[-16.4082635,-71.5382478],
[-16.4091385,-71.5371936],
[-16.4095244,-71.536582],
[-16.4103272,-71.5361207],
[-16.4120738,-71.5353578],
[-16.4122602,-71.535508],
[-16.4124789,-71.5354543],
[-16.4126359,-71.535331],
[-16.4136673,-71.5349286],
[-16.4144197,-71.5345896],
[-16.4152919,-71.5342168],
[-16.4160432,-71.5337823],
[-16.4169071,-71.5331503],
[-16.4172021,-71.5328796],
[-16.4180493,-71.5324245],
[-16.4188655,-71.5320336],
[-16.4197457,-71.5317371],
[-16.421556,-71.5313409],
[-16.4222854,-71.5314354],
[-16.4232219,-71.5320041],
[-16.4245425,-71.5330744],
[-16.4262688,-71.5338013],
[-16.4289907,-71.5342626],
[-16.4301891,-71.5344267]

];
var cotumBVUELTA = [
    //COTUM VUELTA      
[-16.386841,-71.5748939],
[-16.3871379,-71.5750635],
[-16.3878507,-71.5751889],
[-16.3896367,-71.5749111],
[-16.3940602,-71.5745202],
[-16.3940931,-71.5756066],
[-16.3983462,-71.574995],
[-16.3985141,-71.5749375],
[-16.4010756,-71.5734237],
[-16.4020952,-71.5734979],
[-16.4021141,-71.5727812],
[-16.4044444,-71.573183],
[-16.4041394,-71.5683018],
[-16.4040648,-71.5682482],
[-16.4030582,-71.5683773],
[-16.4030922,-71.5692512],
[-16.4006278,-71.5691824],
[-16.4005754,-71.5705709],
[-16.39946,-71.5706091],
[-16.3992876,-71.5707754],
[-16.3972153,-71.5693533],
[-16.397071,-71.5692966],
[-16.3949091,-71.5693072],
[-16.3950871,-71.5683851],
[-16.3950665,-71.5683207],
[-16.3927581,-71.5674996],
[-16.3911781,-71.5669873],
[-16.3908381,-71.5673655],
[-16.3926664,-71.5679875],
[-16.3925973,-71.566139],
[-16.3918455,-71.5662077],
[-16.3919665,-71.5657463],
[-16.3920334,-71.5647768],
[-16.3922327,-71.5629418],
[-16.3924123,-71.5627155],
[-16.3929724,-71.5627529],
[-16.3928772,-71.5620716],
[-16.3926534,-71.5615459],
[-16.3924862,-71.5606554],
[-16.3928773,-71.5602128],
[-16.3935386,-71.5596415],
[-16.3935412,-71.5594699],
[-16.3920902,-71.5545711],
[-16.3909348,-71.5533695],
[-16.3908544,-71.5526414],
[-16.3907503,-71.5526265],
[-16.3872691,-71.5546331],
[-16.3871585,-71.5546143],
[-16.3865306,-71.5538258],
[-16.387748,-71.552701],
[-16.3883089,-71.5511775],
[-16.3888236,-71.5497618],
[-16.3895779,-71.5475875],
[-16.3900917,-71.5462652],
[-16.3919114,-71.5412058],
[-16.3924494,-71.5397462],
[-16.3924057,-71.5395584],
[-16.392591,-71.5394351],
[-16.3927171,-71.5389791],
[-16.3933523,-71.5372898],
[-16.3941353,-71.5351584],
[-16.3954126,-71.5313785],
[-16.3954255,-71.5310593],
[-16.3955495,-71.5306733],
[-16.3960821,-71.5299437],
[-16.3963855,-71.5283249],
[-16.3965295,-71.528223],
[-16.3982619,-71.5268335],
[-16.3982774,-71.5267638],
[-16.3972675,-71.5251976],
[-16.3972803,-71.5250657],
[-16.399393,-71.521627],
[-16.4028027,-71.5165057],
[-16.4031192,-71.5162992],
[-16.4034048,-71.516275],
[-16.4077063,-71.5144362],
[-16.4111831,-71.5129718],
[-16.4129702,-71.5121855],
[-16.4130718,-71.5122352],
[-16.4133691,-71.5129789],
[-16.4130012,-71.5137353],
[-16.4143223,-71.5145185],
[-16.4158494,-71.5153726],
[-16.418363,-71.5160068],
[-16.4202601,-71.5165748],
[-16.4215816,-71.516437],
[-16.4224409,-71.5163726],
[-16.4239995,-71.5157426],
[-16.4255431,-71.515013],
[-16.4258313,-71.5150505],
[-16.4269867,-71.5179507],
[-16.4272591,-71.5181435],
[-16.4272188,-71.5184694],
[-16.4280948,-71.5206447],
[-16.4286524,-71.5220508],
[-16.4296718,-71.5262711],
[-16.4305054,-71.5318971],
[-16.4306606,-71.5326328],
[-16.4307121,-71.5328635],
[-16.4305911,-71.5330734],
[-16.4303159,-71.5344582]

];