[-16.384737791648277, -71.57021154609552],
[-16.3841604963898, -71.5692045889773],
[-16.379756057411, -71.56887995638985],
[-16.375100573448, -71.56914569004553],
[-16.374100387374, -71.56041888458846],

[-16.3791696244868, -71.55917804209761],
[-16.3789493830824, -71.55812002548112],
[-16.379942855427, -71.55764775249853],
[-16.3800087398026, -71.556844891052],
[-16.383254334102, -71.556387657614],
[-16.3878659410586, -71.55264796241403],
[-16.3894511749652, -71.54858129500582],
[-16.3904574460931, -71.54803663067732],
[-16.394377001245, -71.54883303736503],
[-16.3973618296215, -71.54750952906814],
[-16.397992861152, -71.5457397901439],
[-16.403749022866, -71.54763217923777],
[-16.4035468091458, -71.54476929667766],
[-16.404345039679, -71.54297687546912],
[-16.4048218052296, -71.54256336757048],
[-16.4067195499377, -71.5418712045417],
[-16.407833061296, -71.54230135043379],
[-16.4087326547535, -71.54115384458316],
[-16.4068433916953, -71.53935027706602],
[-16.4079296806026, -71.53840314809308],
[-16.4089213369072, -71.5373321680333],
[-16.3981081026763, -71.52397983867435],
[-16.402858817729, -71.5166319145929],
[-16.403477808002, -71.51636584300554],
[-16.42205420314, -71.5076209104533],
[-16.4253425144248, -71.50533459932703],
[-16.4266718574218, -71.50392914136852],
[-16.4278226310475, -71.50259974501733],
[-16.424471302244, -71.500426265857],
[-16.4253176233338, -71.49904355028953],
[-16.425963267556, -71.49679057629207],
[-16.4266622007478, -71.4968775860832],
[-16.4279929433776, -71.49654502396908],
[-16.427162737981, -71.49314570307834],
[-16.4257883462272, -71.49275949341643]


[-16.384737791648277, -71.57021154609552],
[-16.3841604963898, -71.5692045889773],
[-16.379756057411, -71.56887995638985],
[-16.375100573448, -71.56914569004553],
[-16.374100387374, -71.56041888458846],
[-16.3791696244868, -71.55917804209761],
[-16.3789493830824, -71.55812002548112],
[-16.379942855427, -71.55764775249853],
[-16.3800087398026, -71.556844891052],

[-16.3878659410586, -71.55264796241403],
[-16.394377001245, -71.54883303736503],
[-16.397992861152, -71.5457397901439],
[-16.403749022866, -71.54763217923777],
[-16.404345039679, -71.54297687546912],
[-16.4067195499377, -71.5418712045417],
[-16.4087326547535, -71.54115384458316],
[-16.3981081026763, -71.52397983867435],
[-16.42205420314, -71.5076209104533],
[-16.4266718574218, -71.50392914136852],
[-16.4278226310475, -71.50259974501733],
[-16.425963267556, -71.49679057629207],
[-16.4279929433776, -71.49654502396908],
[-16.427162737981, -71.49314570307834],
[-16.4257883462272, -71.49275949341643]