[ -16.430322686725063, -71.5344241278409 ],
[ -16.430619478163962, -71.53246431796843 ],
[ -16.42703415484563, -71.51797063359494 ],
[ -16.42553858268738, -71.51498799442422 ],
[ -16.418438332533427, -71.51599863922766 ],
[ -16.413076477626873, -71.51364754762712 ],
[ -16.413018596903115, -71.51221332217128 ],
[ -16.411616261585948, -71.51280496698364 ],
[ -16.41098892141703, -71.51308908947682 ],
[ -16.41048091531006, -71.51328539516335 ],
[ -16.40323101221216, -71.51633683407384 ],
[ -16.402755264038305, -71.51650832493577 ],
[ -16.399443924784748, -71.52153110770294 ],
[ -16.39728757574268, -71.52522760579409 ],
[ -16.39782692936474, -71.52718099402311 ],
[ -16.39633315983491, -71.52845486849212 ],
[ -16.39534479884479, -71.53150232343718 ],
[ -16.39306107972496, -71.53817021063313 ],
[ -16.39215376241512, -71.54044681529354 ],
[ -16.388768465168155, -71.54992314175401 ],
[ -16.38663783794466, -71.55393167754609 ],
[ -16.387294750623482, -71.55461241728318 ],
[ -16.388942950488058, -71.55365478510758 ],
[ -16.390838539251675, -71.55266325537565 ],
[ -16.39210700674812, -71.55471841270055 ],
[ -16.393062898781906, -71.56008480713702 ],
[ -16.392921508595265, -71.56270888518671 ],
[ -16.39199085424565, -71.56499418032975 ],
[ -16.39222351807446, -71.56610418321813 ],
[ -16.3920266486996, -71.56724216937312 ],
[ -16.39249193059483, -71.56797833178774 ],
[ -16.392802306033573, -71.56752460526813 ],
[ -16.395102744941, -71.56841284609716 ],
[ -16.395550833177424, -71.56933854048347 ],
[ -16.399220561379337, -71.57079370907614 ],
[ -16.400481589111195, -71.57060504727005 ],